      0.0000e+00      9.3930e-02
      1.0000e-02      1.7786e-01
      2.0000e-02      2.5274e-01
      3.0000e-02      3.1944e-01
      4.0000e-02      3.7872e-01
      5.0000e-02      4.3130e-01
      6.0000e-02      4.7782e-01
      7.0000e-02      5.1885e-01
      8.0000e-02      5.5491e-01
      9.0000e-02      5.8648e-01
      1.0000e-01      6.1399e-01
      1.1000e-01      6.3781e-01
      1.2000e-01      6.5831e-01
      1.3000e-01      6.7580e-01
      1.4000e-01      6.9056e-01
      1.5000e-01      7.0285e-01
      1.6000e-01      7.1291e-01
      1.7000e-01      7.2096e-01
      1.8000e-01      7.2717e-01
      1.9000e-01      7.3174e-01
      2.0000e-01      7.3480e-01
      2.1000e-01      7.3652e-01
      2.2000e-01      7.3701e-01
      2.3000e-01      7.3639e-01
      2.4000e-01      7.3477e-01
      2.5000e-01      7.3224e-01
      2.6000e-01      7.2889e-01
      2.7000e-01      7.2480e-01
      2.8000e-01      7.2004e-01
      2.9000e-01      7.1467e-01
      3.0000e-01      7.0875e-01
      3.1000e-01      7.0233e-01
      3.2000e-01      6.9546e-01
      3.3000e-01      6.8818e-01
      3.4000e-01      6.8053e-01
      3.5000e-01      6.7255e-01
      3.6000e-01      6.6427e-01
      3.7000e-01      6.5572e-01
      3.8000e-01      6.4691e-01
      3.9000e-01      6.3789e-01
      4.0000e-01      6.2866e-01
      4.1000e-01      6.1925e-01
      4.2000e-01      6.0967e-01
      4.3000e-01      5.9994e-01
      4.4000e-01      5.9008e-01
      4.5000e-01      5.8009e-01
      4.6000e-01      5.6999e-01
      4.7000e-01      5.5980e-01
      4.8000e-01      5.4951e-01
      4.9000e-01      5.3914e-01
      5.0000e-01      5.2869e-01
      5.1000e-01      5.1818e-01
      5.2000e-01      5.0760e-01
      5.3000e-01      4.9697e-01
      5.4000e-01      4.8630e-01
      5.5000e-01      4.7557e-01
      5.6000e-01      4.6481e-01
      5.7000e-01      4.5401e-01
      5.8000e-01      4.4317e-01
      5.9000e-01      4.3230e-01
      6.0000e-01      4.2141e-01
      6.1000e-01      4.1049e-01
      6.2000e-01      3.9955e-01
      6.3000e-01      3.8859e-01
      6.4000e-01      3.7761e-01
      6.5000e-01      3.6662e-01
      6.6000e-01      3.5561e-01
      6.7000e-01      3.4458e-01
      6.8000e-01      3.3355e-01
      6.9000e-01      3.2250e-01
      7.0000e-01      3.1144e-01
      7.1000e-01      3.0038e-01
      7.2000e-01      2.8930e-01
      7.3000e-01      2.7822e-01
      7.4000e-01      2.6713e-01
      7.5000e-01      2.5603e-01
      7.6000e-01      2.4493e-01
      7.7000e-01      2.3383e-01
      7.8000e-01      2.2272e-01
      7.9000e-01      2.1160e-01
      8.0000e-01      2.0048e-01
      8.1000e-01      1.8936e-01
      8.2000e-01      1.7824e-01
      8.3000e-01      1.6711e-01
      8.4000e-01      1.5598e-01
      8.5000e-01      1.4485e-01
      8.6000e-01      1.3371e-01
      8.7000e-01      1.2258e-01
      8.8000e-01      1.1144e-01
      8.9000e-01      1.0030e-01
      9.0000e-01      8.9160e-02
      9.1000e-01      7.8018e-02
      9.2000e-01      6.6876e-02
      9.3000e-01      5.5732e-02
      9.4000e-01      4.4587e-02
      9.5000e-01      3.3441e-02
      9.6000e-01      2.2295e-02
      9.7000e-01      1.1148e-02
      9.8000e-01      2.7726e-07
      9.9000e-01     2.3765e-321
      1.0000e+00     2.0862e-314
