      0.0000e+00      9.0391e-03
      1.0000e-03      1.7978e-02
      2.0000e-03      2.6818e-02
      3.0000e-03      3.5560e-02
      4.0000e-03      4.4205e-02
      5.0000e-03      5.2754e-02
      6.0000e-03      6.1208e-02
      7.0000e-03      6.9568e-02
      8.0000e-03      7.7834e-02
      9.0000e-03      8.6008e-02
      1.0000e-02      9.4091e-02
      1.1000e-02      1.0208e-01
      1.2000e-02      1.0999e-01
      1.3000e-02      1.1780e-01
      1.4000e-02      1.2553e-01
      1.5000e-02      1.3316e-01
      1.6000e-02      1.4072e-01
      1.7000e-02      1.4819e-01
      1.8000e-02      1.5557e-01
      1.9000e-02      1.6287e-01
      2.0000e-02      1.7009e-01
      2.1000e-02      1.7722e-01
      2.2000e-02      1.8428e-01
      2.3000e-02      1.9125e-01
      2.4000e-02      1.9815e-01
      2.5000e-02      2.0496e-01
      2.6000e-02      2.1170e-01
      2.7000e-02      2.1836e-01
      2.8000e-02      2.2495e-01
      2.9000e-02      2.3145e-01
      3.0000e-02      2.3789e-01
      3.1000e-02      2.4425e-01
      3.2000e-02      2.5054e-01
      3.3000e-02      2.5675e-01
      3.4000e-02      2.6289e-01
      3.5000e-02      2.6896e-01
      3.6000e-02      2.7496e-01
      3.7000e-02      2.8089e-01
      3.8000e-02      2.8676e-01
      3.9000e-02      2.9255e-01
      4.0000e-02      2.9828e-01
      4.1000e-02      3.0393e-01
      4.2000e-02      3.0953e-01
      4.3000e-02      3.1505e-01
      4.4000e-02      3.2052e-01
      4.5000e-02      3.2591e-01
      4.6000e-02      3.3125e-01
      4.7000e-02      3.3652e-01
      4.8000e-02      3.4172e-01
      4.9000e-02      3.4687e-01
      5.0000e-02      3.5195e-01
      5.1000e-02      3.5698e-01
      5.2000e-02      3.6194e-01
      5.3000e-02      3.6685e-01
      5.4000e-02      3.7169e-01
      5.5000e-02      3.7648e-01
      5.6000e-02      3.8121e-01
      5.7000e-02      3.8588e-01
      5.8000e-02      3.9050e-01
      5.9000e-02      3.9506e-01
      6.0000e-02      3.9956e-01
      6.1000e-02      4.0401e-01
      6.2000e-02      4.0841e-01
      6.3000e-02      4.1275e-01
      6.4000e-02      4.1704e-01
      6.5000e-02      4.2127e-01
      6.6000e-02      4.2546e-01
      6.7000e-02      4.2959e-01
      6.8000e-02      4.3367e-01
      6.9000e-02      4.3770e-01
      7.0000e-02      4.4168e-01
      7.1000e-02      4.4561e-01
      7.2000e-02      4.4949e-01
      7.3000e-02      4.5332e-01
      7.4000e-02      4.5711e-01
      7.5000e-02      4.6084e-01
      7.6000e-02      4.6453e-01
      7.7000e-02      4.6817e-01
      7.8000e-02      4.7177e-01
      7.9000e-02      4.7532e-01
      8.0000e-02      4.7883e-01
      8.1000e-02      4.8228e-01
      8.2000e-02      4.8570e-01
      8.3000e-02      4.8907e-01
      8.4000e-02      4.9240e-01
      8.5000e-02      4.9568e-01
      8.6000e-02      4.9893e-01
      8.7000e-02      5.0213e-01
      8.8000e-02      5.0528e-01
      8.9000e-02      5.0840e-01
      9.0000e-02      5.1147e-01
      9.1000e-02      5.1451e-01
      9.2000e-02      5.1750e-01
      9.3000e-02      5.2046e-01
      9.4000e-02      5.2337e-01
      9.5000e-02      5.2625e-01
      9.6000e-02      5.2908e-01
      9.7000e-02      5.3188e-01
      9.8000e-02      5.3464e-01
      9.9000e-02      5.3737e-01
      1.0000e-01      5.4005e-01
      1.0100e-01      5.4270e-01
      1.0200e-01      5.4532e-01
      1.0300e-01      5.4789e-01
      1.0400e-01      5.5043e-01
      1.0500e-01      5.5294e-01
      1.0600e-01      5.5541e-01
      1.0700e-01      5.5785e-01
      1.0800e-01      5.6025e-01
      1.0900e-01      5.6262e-01
      1.1000e-01      5.6495e-01
      1.1100e-01      5.6725e-01
      1.1200e-01      5.6952e-01
      1.1300e-01      5.7176e-01
      1.1400e-01      5.7396e-01
      1.1500e-01      5.7613e-01
      1.1600e-01      5.7827e-01
      1.1700e-01      5.8038e-01
      1.1800e-01      5.8246e-01
      1.1900e-01      5.8450e-01
      1.2000e-01      5.8652e-01
      1.2100e-01      5.8850e-01
      1.2200e-01      5.9046e-01
      1.2300e-01      5.9239e-01
      1.2400e-01      5.9428e-01
      1.2500e-01      5.9615e-01
      1.2600e-01      5.9799e-01
      1.2700e-01      5.9980e-01
      1.2800e-01      6.0159e-01
      1.2900e-01      6.0334e-01
      1.3000e-01      6.0507e-01
      1.3100e-01      6.0677e-01
      1.3200e-01      6.0844e-01
      1.3300e-01      6.1009e-01
      1.3400e-01      6.1171e-01
      1.3500e-01      6.1331e-01
      1.3600e-01      6.1488e-01
      1.3700e-01      6.1642e-01
      1.3800e-01      6.1794e-01
      1.3900e-01      6.1943e-01
      1.4000e-01      6.2089e-01
      1.4100e-01      6.2234e-01
      1.4200e-01      6.2376e-01
      1.4300e-01      6.2515e-01
      1.4400e-01      6.2652e-01
      1.4500e-01      6.2787e-01
      1.4600e-01      6.2919e-01
      1.4700e-01      6.3049e-01
      1.4800e-01      6.3177e-01
      1.4900e-01      6.3302e-01
      1.5000e-01      6.3425e-01
      1.5100e-01      6.3546e-01
      1.5200e-01      6.3665e-01
      1.5300e-01      6.3781e-01
      1.5400e-01      6.3896e-01
      1.5500e-01      6.4008e-01
      1.5600e-01      6.4118e-01
      1.5700e-01      6.4226e-01
      1.5800e-01      6.4332e-01
      1.5900e-01      6.4436e-01
      1.6000e-01      6.4537e-01
      1.6100e-01      6.4637e-01
      1.6200e-01      6.4735e-01
      1.6300e-01      6.4831e-01
      1.6400e-01      6.4925e-01
      1.6500e-01      6.5017e-01
      1.6600e-01      6.5107e-01
      1.6700e-01      6.5195e-01
      1.6800e-01      6.5281e-01
      1.6900e-01      6.5365e-01
      1.7000e-01      6.5448e-01
      1.7100e-01      6.5528e-01
      1.7200e-01      6.5607e-01
      1.7300e-01      6.5684e-01
      1.7400e-01      6.5760e-01
      1.7500e-01      6.5833e-01
      1.7600e-01      6.5905e-01
      1.7700e-01      6.5975e-01
      1.7800e-01      6.6043e-01
      1.7900e-01      6.6110e-01
      1.8000e-01      6.6175e-01
      1.8100e-01      6.6239e-01
      1.8200e-01      6.6300e-01
      1.8300e-01      6.6360e-01
      1.8400e-01      6.6419e-01
      1.8500e-01      6.6476e-01
      1.8600e-01      6.6531e-01
      1.8700e-01      6.6585e-01
      1.8800e-01      6.6637e-01
      1.8900e-01      6.6688e-01
      1.9000e-01      6.6737e-01
      1.9100e-01      6.6785e-01
      1.9200e-01      6.6831e-01
      1.9300e-01      6.6876e-01
      1.9400e-01      6.6919e-01
      1.9500e-01      6.6961e-01
      1.9600e-01      6.7002e-01
      1.9700e-01      6.7041e-01
      1.9800e-01      6.7078e-01
      1.9900e-01      6.7115e-01
      2.0000e-01      6.7150e-01
      2.0100e-01      6.7183e-01
      2.0200e-01      6.7215e-01
      2.0300e-01      6.7246e-01
      2.0400e-01      6.7276e-01
      2.0500e-01      6.7304e-01
      2.0600e-01      6.7331e-01
      2.0700e-01      6.7357e-01
      2.0800e-01      6.7381e-01
      2.0900e-01      6.7404e-01
      2.1000e-01      6.7426e-01
      2.1100e-01      6.7447e-01
      2.1200e-01      6.7467e-01
      2.1300e-01      6.7485e-01
      2.1400e-01      6.7502e-01
      2.1500e-01      6.7518e-01
      2.1600e-01      6.7533e-01
      2.1700e-01      6.7547e-01
      2.1800e-01      6.7559e-01
      2.1900e-01      6.7570e-01
      2.2000e-01      6.7581e-01
      2.2100e-01      6.7590e-01
      2.2200e-01      6.7598e-01
      2.2300e-01      6.7605e-01
      2.2400e-01      6.7611e-01
      2.2500e-01      6.7616e-01
      2.2600e-01      6.7619e-01
      2.2700e-01      6.7622e-01
      2.2800e-01      6.7624e-01
      2.2900e-01      6.7624e-01
      2.3000e-01      6.7624e-01
      2.3100e-01      6.7623e-01
      2.3200e-01      6.7620e-01
      2.3300e-01      6.7617e-01
      2.3400e-01      6.7613e-01
      2.3500e-01      6.7608e-01
      2.3600e-01      6.7601e-01
      2.3700e-01      6.7594e-01
      2.3800e-01      6.7586e-01
      2.3900e-01      6.7577e-01
      2.4000e-01      6.7567e-01
      2.4100e-01      6.7556e-01
      2.4200e-01      6.7545e-01
      2.4300e-01      6.7532e-01
      2.4400e-01      6.7519e-01
      2.4500e-01      6.7504e-01
      2.4600e-01      6.7489e-01
      2.4700e-01      6.7473e-01
      2.4800e-01      6.7456e-01
      2.4900e-01      6.7438e-01
      2.5000e-01      6.7419e-01
      2.5100e-01      6.7400e-01
      2.5200e-01      6.7380e-01
      2.5300e-01      6.7359e-01
      2.5400e-01      6.7337e-01
      2.5500e-01      6.7314e-01
      2.5600e-01      6.7291e-01
      2.5700e-01      6.7267e-01
      2.5800e-01      6.7242e-01
      2.5900e-01      6.7216e-01
      2.6000e-01      6.7190e-01
      2.6100e-01      6.7162e-01
      2.6200e-01      6.7134e-01
      2.6300e-01      6.7106e-01
      2.6400e-01      6.7076e-01
      2.6500e-01      6.7046e-01
      2.6600e-01      6.7016e-01
      2.6700e-01      6.6984e-01
      2.6800e-01      6.6952e-01
      2.6900e-01      6.6919e-01
      2.7000e-01      6.6885e-01
      2.7100e-01      6.6851e-01
      2.7200e-01      6.6816e-01
      2.7300e-01      6.6781e-01
      2.7400e-01      6.6745e-01
      2.7500e-01      6.6708e-01
      2.7600e-01      6.6670e-01
      2.7700e-01      6.6632e-01
      2.7800e-01      6.6593e-01
      2.7900e-01      6.6554e-01
      2.8000e-01      6.6514e-01
      2.8100e-01      6.6473e-01
      2.8200e-01      6.6432e-01
      2.8300e-01      6.6390e-01
      2.8400e-01      6.6348e-01
      2.8500e-01      6.6305e-01
      2.8600e-01      6.6261e-01
      2.8700e-01      6.6217e-01
      2.8800e-01      6.6173e-01
      2.8900e-01      6.6127e-01
      2.9000e-01      6.6082e-01
      2.9100e-01      6.6035e-01
      2.9200e-01      6.5988e-01
      2.9300e-01      6.5941e-01
      2.9400e-01      6.5893e-01
      2.9500e-01      6.5844e-01
      2.9600e-01      6.5795e-01
      2.9700e-01      6.5746e-01
      2.9800e-01      6.5696e-01
      2.9900e-01      6.5645e-01
      3.0000e-01      6.5594e-01
      3.0100e-01      6.5543e-01
      3.0200e-01      6.5491e-01
      3.0300e-01      6.5438e-01
      3.0400e-01      6.5385e-01
      3.0500e-01      6.5332e-01
      3.0600e-01      6.5278e-01
      3.0700e-01      6.5223e-01
      3.0800e-01      6.5168e-01
      3.0900e-01      6.5113e-01
      3.1000e-01      6.5057e-01
      3.1100e-01      6.5001e-01
      3.1200e-01      6.4944e-01
      3.1300e-01      6.4887e-01
      3.1400e-01      6.4829e-01
      3.1500e-01      6.4771e-01
      3.1600e-01      6.4713e-01
      3.1700e-01      6.4654e-01
      3.1800e-01      6.4595e-01
      3.1900e-01      6.4535e-01
      3.2000e-01      6.4475e-01
      3.2100e-01      6.4414e-01
      3.2200e-01      6.4353e-01
      3.2300e-01      6.4292e-01
      3.2400e-01      6.4230e-01
      3.2500e-01      6.4168e-01
      3.2600e-01      6.4105e-01
      3.2700e-01      6.4043e-01
      3.2800e-01      6.3979e-01
      3.2900e-01      6.3916e-01
      3.3000e-01      6.3852e-01
      3.3100e-01      6.3787e-01
      3.3200e-01      6.3722e-01
      3.3300e-01      6.3657e-01
      3.3400e-01      6.3592e-01
      3.3500e-01      6.3526e-01
      3.3600e-01      6.3460e-01
      3.3700e-01      6.3393e-01
      3.3800e-01      6.3326e-01
      3.3900e-01      6.3259e-01
      3.4000e-01      6.3192e-01
      3.4100e-01      6.3124e-01
      3.4200e-01      6.3055e-01
      3.4300e-01      6.2987e-01
      3.4400e-01      6.2918e-01
      3.4500e-01      6.2849e-01
      3.4600e-01      6.2779e-01
      3.4700e-01      6.2709e-01
      3.4800e-01      6.2639e-01
      3.4900e-01      6.2569e-01
      3.5000e-01      6.2498e-01
      3.5100e-01      6.2427e-01
      3.5200e-01      6.2356e-01
      3.5300e-01      6.2284e-01
      3.5400e-01      6.2212e-01
      3.5500e-01      6.2140e-01
      3.5600e-01      6.2067e-01
      3.5700e-01      6.1995e-01
      3.5800e-01      6.1921e-01
      3.5900e-01      6.1848e-01
      3.6000e-01      6.1774e-01
      3.6100e-01      6.1701e-01
      3.6200e-01      6.1626e-01
      3.6300e-01      6.1552e-01
      3.6400e-01      6.1477e-01
      3.6500e-01      6.1402e-01
      3.6600e-01      6.1327e-01
      3.6700e-01      6.1252e-01
      3.6800e-01      6.1176e-01
      3.6900e-01      6.1100e-01
      3.7000e-01      6.1024e-01
      3.7100e-01      6.0947e-01
      3.7200e-01      6.0870e-01
      3.7300e-01      6.0793e-01
      3.7400e-01      6.0716e-01
      3.7500e-01      6.0639e-01
      3.7600e-01      6.0561e-01
      3.7700e-01      6.0483e-01
      3.7800e-01      6.0405e-01
      3.7900e-01      6.0326e-01
      3.8000e-01      6.0248e-01
      3.8100e-01      6.0169e-01
      3.8200e-01      6.0090e-01
      3.8300e-01      6.0011e-01
      3.8400e-01      5.9931e-01
      3.8500e-01      5.9851e-01
      3.8600e-01      5.9771e-01
      3.8700e-01      5.9691e-01
      3.8800e-01      5.9611e-01
      3.8900e-01      5.9530e-01
      3.9000e-01      5.9450e-01
      3.9100e-01      5.9369e-01
      3.9200e-01      5.9288e-01
      3.9300e-01      5.9206e-01
      3.9400e-01      5.9125e-01
      3.9500e-01      5.9043e-01
      3.9600e-01      5.8961e-01
      3.9700e-01      5.8879e-01
      3.9800e-01      5.8796e-01
      3.9900e-01      5.8714e-01
      4.0000e-01      5.8631e-01
      4.0100e-01      5.8548e-01
      4.0200e-01      5.8465e-01
      4.0300e-01      5.8382e-01
      4.0400e-01      5.8299e-01
      4.0500e-01      5.8215e-01
      4.0600e-01      5.8131e-01
      4.0700e-01      5.8047e-01
      4.0800e-01      5.7963e-01
      4.0900e-01      5.7879e-01
      4.1000e-01      5.7795e-01
      4.1100e-01      5.7710e-01
      4.1200e-01      5.7625e-01
      4.1300e-01      5.7540e-01
      4.1400e-01      5.7455e-01
      4.1500e-01      5.7370e-01
      4.1600e-01      5.7284e-01
      4.1700e-01      5.7199e-01
      4.1800e-01      5.7113e-01
      4.1900e-01      5.7027e-01
      4.2000e-01      5.6941e-01
      4.2100e-01      5.6855e-01
      4.2200e-01      5.6769e-01
      4.2300e-01      5.6682e-01
      4.2400e-01      5.6596e-01
      4.2500e-01      5.6509e-01
      4.2600e-01      5.6422e-01
      4.2700e-01      5.6335e-01
      4.2800e-01      5.6248e-01
      4.2900e-01      5.6160e-01
      4.3000e-01      5.6073e-01
      4.3100e-01      5.5985e-01
      4.3200e-01      5.5898e-01
      4.3300e-01      5.5810e-01
      4.3400e-01      5.5722e-01
      4.3500e-01      5.5634e-01
      4.3600e-01      5.5545e-01
      4.3700e-01      5.5457e-01
      4.3800e-01      5.5368e-01
      4.3900e-01      5.5280e-01
      4.4000e-01      5.5191e-01
      4.4100e-01      5.5102e-01
      4.4200e-01      5.5013e-01
      4.4300e-01      5.4924e-01
      4.4400e-01      5.4835e-01
      4.4500e-01      5.4745e-01
      4.4600e-01      5.4656e-01
      4.4700e-01      5.4566e-01
      4.4800e-01      5.4477e-01
      4.4900e-01      5.4387e-01
      4.5000e-01      5.4297e-01
      4.5100e-01      5.4207e-01
      4.5200e-01      5.4117e-01
      4.5300e-01      5.4026e-01
      4.5400e-01      5.3936e-01
      4.5500e-01      5.3846e-01
      4.5600e-01      5.3755e-01
      4.5700e-01      5.3664e-01
      4.5800e-01      5.3573e-01
      4.5900e-01      5.3483e-01
      4.6000e-01      5.3392e-01
      4.6100e-01      5.3301e-01
      4.6200e-01      5.3209e-01
      4.6300e-01      5.3118e-01
      4.6400e-01      5.3027e-01
      4.6500e-01      5.2935e-01
      4.6600e-01      5.2844e-01
      4.6700e-01      5.2752e-01
      4.6800e-01      5.2660e-01
      4.6900e-01      5.2568e-01
      4.7000e-01      5.2476e-01
      4.7100e-01      5.2384e-01
      4.7200e-01      5.2292e-01
      4.7300e-01      5.2200e-01
      4.7400e-01      5.2108e-01
      4.7500e-01      5.2015e-01
      4.7600e-01      5.1923e-01
      4.7700e-01      5.1830e-01
      4.7800e-01      5.1737e-01
      4.7900e-01      5.1645e-01
      4.8000e-01      5.1552e-01
      4.8100e-01      5.1459e-01
      4.8200e-01      5.1366e-01
      4.8300e-01      5.1273e-01
      4.8400e-01      5.1180e-01
      4.8500e-01      5.1086e-01
      4.8600e-01      5.0993e-01
      4.8700e-01      5.0900e-01
      4.8800e-01      5.0806e-01
      4.8900e-01      5.0713e-01
      4.9000e-01      5.0619e-01
      4.9100e-01      5.0525e-01
      4.9200e-01      5.0432e-01
      4.9300e-01      5.0338e-01
      4.9400e-01      5.0244e-01
      4.9500e-01      5.0150e-01
      4.9600e-01      5.0056e-01
      4.9700e-01      4.9962e-01
      4.9800e-01      4.9868e-01
      4.9900e-01      4.9773e-01
      5.0000e-01      4.9679e-01
      5.0100e-01      4.9585e-01
      5.0200e-01      4.9490e-01
      5.0300e-01      4.9396e-01
      5.0400e-01      4.9301e-01
      5.0500e-01      4.9206e-01
      5.0600e-01      4.9112e-01
      5.0700e-01      4.9017e-01
      5.0800e-01      4.8922e-01
      5.0900e-01      4.8827e-01
      5.1000e-01      4.8732e-01
      5.1100e-01      4.8637e-01
      5.1200e-01      4.8542e-01
      5.1300e-01      4.8447e-01
      5.1400e-01      4.8352e-01
      5.1500e-01      4.8256e-01
      5.1600e-01      4.8161e-01
      5.1700e-01      4.8066e-01
      5.1800e-01      4.7970e-01
      5.1900e-01      4.7875e-01
      5.2000e-01      4.7779e-01
      5.2100e-01      4.7683e-01
      5.2200e-01      4.7588e-01
      5.2300e-01      4.7492e-01
      5.2400e-01      4.7396e-01
      5.2500e-01      4.7300e-01
      5.2600e-01      4.7205e-01
      5.2700e-01      4.7109e-01
      5.2800e-01      4.7013e-01
      5.2900e-01      4.6917e-01
      5.3000e-01      4.6821e-01
      5.3100e-01      4.6724e-01
      5.3200e-01      4.6628e-01
      5.3300e-01      4.6532e-01
      5.3400e-01      4.6436e-01
      5.3500e-01      4.6339e-01
      5.3600e-01      4.6243e-01
      5.3700e-01      4.6147e-01
      5.3800e-01      4.6050e-01
      5.3900e-01      4.5954e-01
      5.4000e-01      4.5857e-01
      5.4100e-01      4.5760e-01
      5.4200e-01      4.5664e-01
      5.4300e-01      4.5567e-01
      5.4400e-01      4.5470e-01
      5.4500e-01      4.5374e-01
      5.4600e-01      4.5277e-01
      5.4700e-01      4.5180e-01
      5.4800e-01      4.5083e-01
      5.4900e-01      4.4986e-01
      5.5000e-01      4.4889e-01
      5.5100e-01      4.4792e-01
      5.5200e-01      4.4695e-01
      5.5300e-01      4.4598e-01
      5.5400e-01      4.4501e-01
      5.5500e-01      4.4403e-01
      5.5600e-01      4.4306e-01
      5.5700e-01      4.4209e-01
      5.5800e-01      4.4112e-01
      5.5900e-01      4.4014e-01
      5.6000e-01      4.3917e-01
      5.6100e-01      4.3820e-01
      5.6200e-01      4.3722e-01
      5.6300e-01      4.3625e-01
      5.6400e-01      4.3527e-01
      5.6500e-01      4.3429e-01
      5.6600e-01      4.3332e-01
      5.6700e-01      4.3234e-01
      5.6800e-01      4.3137e-01
      5.6900e-01      4.3039e-01
      5.7000e-01      4.2941e-01
      5.7100e-01      4.2843e-01
      5.7200e-01      4.2746e-01
      5.7300e-01      4.2648e-01
      5.7400e-01      4.2550e-01
      5.7500e-01      4.2452e-01
      5.7600e-01      4.2354e-01
      5.7700e-01      4.2256e-01
      5.7800e-01      4.2158e-01
      5.7900e-01      4.2060e-01
      5.8000e-01      4.1962e-01
      5.8100e-01      4.1864e-01
      5.8200e-01      4.1766e-01
      5.8300e-01      4.1668e-01
      5.8400e-01      4.1569e-01
      5.8500e-01      4.1471e-01
      5.8600e-01      4.1373e-01
      5.8700e-01      4.1275e-01
      5.8800e-01      4.1176e-01
      5.8900e-01      4.1078e-01
      5.9000e-01      4.0980e-01
      5.9100e-01      4.0881e-01
      5.9200e-01      4.0783e-01
      5.9300e-01      4.0685e-01
      5.9400e-01      4.0586e-01
      5.9500e-01      4.0488e-01
      5.9600e-01      4.0389e-01
      5.9700e-01      4.0291e-01
      5.9800e-01      4.0192e-01
      5.9900e-01      4.0093e-01
      6.0000e-01      3.9995e-01
      6.0100e-01      3.9896e-01
      6.0200e-01      3.9798e-01
      6.0300e-01      3.9699e-01
      6.0400e-01      3.9600e-01
      6.0500e-01      3.9501e-01
      6.0600e-01      3.9403e-01
      6.0700e-01      3.9304e-01
      6.0800e-01      3.9205e-01
      6.0900e-01      3.9106e-01
      6.1000e-01      3.9007e-01
      6.1100e-01      3.8909e-01
      6.1200e-01      3.8810e-01
      6.1300e-01      3.8711e-01
      6.1400e-01      3.8612e-01
      6.1500e-01      3.8513e-01
      6.1600e-01      3.8414e-01
      6.1700e-01      3.8315e-01
      6.1800e-01      3.8216e-01
      6.1900e-01      3.8117e-01
      6.2000e-01      3.8018e-01
      6.2100e-01      3.7919e-01
      6.2200e-01      3.7820e-01
      6.2300e-01      3.7720e-01
      6.2400e-01      3.7621e-01
      6.2500e-01      3.7522e-01
      6.2600e-01      3.7423e-01
      6.2700e-01      3.7324e-01
      6.2800e-01      3.7225e-01
      6.2900e-01      3.7125e-01
      6.3000e-01      3.7026e-01
      6.3100e-01      3.6927e-01
      6.3200e-01      3.6827e-01
      6.3300e-01      3.6728e-01
      6.3400e-01      3.6629e-01
      6.3500e-01      3.6529e-01
      6.3600e-01      3.6430e-01
      6.3700e-01      3.6331e-01
      6.3800e-01      3.6231e-01
      6.3900e-01      3.6132e-01
      6.4000e-01      3.6033e-01
      6.4100e-01      3.5933e-01
      6.4200e-01      3.5834e-01
      6.4300e-01      3.5734e-01
      6.4400e-01      3.5635e-01
      6.4500e-01      3.5535e-01
      6.4600e-01      3.5436e-01
      6.4700e-01      3.5336e-01
      6.4800e-01      3.5236e-01
      6.4900e-01      3.5137e-01
      6.5000e-01      3.5037e-01
      6.5100e-01      3.4938e-01
      6.5200e-01      3.4838e-01
      6.5300e-01      3.4738e-01
      6.5400e-01      3.4639e-01
      6.5500e-01      3.4539e-01
      6.5600e-01      3.4439e-01
      6.5700e-01      3.4340e-01
      6.5800e-01      3.4240e-01
      6.5900e-01      3.4140e-01
      6.6000e-01      3.4041e-01
      6.6100e-01      3.3941e-01
      6.6200e-01      3.3841e-01
      6.6300e-01      3.3741e-01
      6.6400e-01      3.3642e-01
      6.6500e-01      3.3542e-01
      6.6600e-01      3.3442e-01
      6.6700e-01      3.3342e-01
      6.6800e-01      3.3242e-01
      6.6900e-01      3.3142e-01
      6.7000e-01      3.3043e-01
      6.7100e-01      3.2943e-01
      6.7200e-01      3.2843e-01
      6.7300e-01      3.2743e-01
      6.7400e-01      3.2643e-01
      6.7500e-01      3.2543e-01
      6.7600e-01      3.2443e-01
      6.7700e-01      3.2343e-01
      6.7800e-01      3.2243e-01
      6.7900e-01      3.2143e-01
      6.8000e-01      3.2043e-01
      6.8100e-01      3.1943e-01
      6.8200e-01      3.1843e-01
      6.8300e-01      3.1743e-01
      6.8400e-01      3.1643e-01
      6.8500e-01      3.1543e-01
      6.8600e-01      3.1443e-01
      6.8700e-01      3.1343e-01
      6.8800e-01      3.1243e-01
      6.8900e-01      3.1143e-01
      6.9000e-01      3.1043e-01
      6.9100e-01      3.0943e-01
      6.9200e-01      3.0843e-01
      6.9300e-01      3.0743e-01
      6.9400e-01      3.0642e-01
      6.9500e-01      3.0542e-01
      6.9600e-01      3.0442e-01
      6.9700e-01      3.0342e-01
      6.9800e-01      3.0242e-01
      6.9900e-01      3.0142e-01
      7.0000e-01      3.0041e-01
      7.0100e-01      2.9941e-01
      7.0200e-01      2.9841e-01
      7.0300e-01      2.9741e-01
      7.0400e-01      2.9641e-01
      7.0500e-01      2.9540e-01
      7.0600e-01      2.9440e-01
      7.0700e-01      2.9340e-01
      7.0800e-01      2.9240e-01
      7.0900e-01      2.9139e-01
      7.1000e-01      2.9039e-01
      7.1100e-01      2.8939e-01
      7.1200e-01      2.8839e-01
      7.1300e-01      2.8738e-01
      7.1400e-01      2.8638e-01
      7.1500e-01      2.8538e-01
      7.1600e-01      2.8437e-01
      7.1700e-01      2.8337e-01
      7.1800e-01      2.8237e-01
      7.1900e-01      2.8136e-01
      7.2000e-01      2.8036e-01
      7.2100e-01      2.7936e-01
      7.2200e-01      2.7835e-01
      7.2300e-01      2.7735e-01
      7.2400e-01      2.7634e-01
      7.2500e-01      2.7534e-01
      7.2600e-01      2.7434e-01
      7.2700e-01      2.7333e-01
      7.2800e-01      2.7233e-01
      7.2900e-01      2.7132e-01
      7.3000e-01      2.7032e-01
      7.3100e-01      2.6932e-01
      7.3200e-01      2.6831e-01
      7.3300e-01      2.6731e-01
      7.3400e-01      2.6630e-01
      7.3500e-01      2.6530e-01
      7.3600e-01      2.6429e-01
      7.3700e-01      2.6329e-01
      7.3800e-01      2.6228e-01
      7.3900e-01      2.6128e-01
      7.4000e-01      2.6027e-01
      7.4100e-01      2.5927e-01
      7.4200e-01      2.5826e-01
      7.4300e-01      2.5726e-01
      7.4400e-01      2.5625e-01
      7.4500e-01      2.5525e-01
      7.4600e-01      2.5424e-01
      7.4700e-01      2.5324e-01
      7.4800e-01      2.5223e-01
      7.4900e-01      2.5123e-01
      7.5000e-01      2.5022e-01
      7.5100e-01      2.4922e-01
      7.5200e-01      2.4821e-01
      7.5300e-01      2.4721e-01
      7.5400e-01      2.4620e-01
      7.5500e-01      2.4519e-01
      7.5600e-01      2.4419e-01
      7.5700e-01      2.4318e-01
      7.5800e-01      2.4218e-01
      7.5900e-01      2.4117e-01
      7.6000e-01      2.4017e-01
      7.6100e-01      2.3916e-01
      7.6200e-01      2.3815e-01
      7.6300e-01      2.3715e-01
      7.6400e-01      2.3614e-01
      7.6500e-01      2.3513e-01
      7.6600e-01      2.3413e-01
      7.6700e-01      2.3312e-01
      7.6800e-01      2.3212e-01
      7.6900e-01      2.3111e-01
      7.7000e-01      2.3010e-01
      7.7100e-01      2.2910e-01
      7.7200e-01      2.2809e-01
      7.7300e-01      2.2708e-01
      7.7400e-01      2.2608e-01
      7.7500e-01      2.2507e-01
      7.7600e-01      2.2406e-01
      7.7700e-01      2.2306e-01
      7.7800e-01      2.2205e-01
      7.7900e-01      2.2104e-01
      7.8000e-01      2.2004e-01
      7.8100e-01      2.1903e-01
      7.8200e-01      2.1802e-01
      7.8300e-01      2.1702e-01
      7.8400e-01      2.1601e-01
      7.8500e-01      2.1500e-01
      7.8600e-01      2.1399e-01
      7.8700e-01      2.1299e-01
      7.8800e-01      2.1198e-01
      7.8900e-01      2.1097e-01
      7.9000e-01      2.0996e-01
      7.9100e-01      2.0896e-01
      7.9200e-01      2.0795e-01
      7.9300e-01      2.0694e-01
      7.9400e-01      2.0594e-01
      7.9500e-01      2.0493e-01
      7.9600e-01      2.0392e-01
      7.9700e-01      2.0291e-01
      7.9800e-01      2.0191e-01
      7.9900e-01      2.0090e-01
      8.0000e-01      1.9989e-01
      8.0100e-01      1.9888e-01
      8.0200e-01      1.9787e-01
      8.0300e-01      1.9687e-01
      8.0400e-01      1.9586e-01
      8.0500e-01      1.9485e-01
      8.0600e-01      1.9384e-01
      8.0700e-01      1.9284e-01
      8.0800e-01      1.9183e-01
      8.0900e-01      1.9082e-01
      8.1000e-01      1.8981e-01
      8.1100e-01      1.8880e-01
      8.1200e-01      1.8780e-01
      8.1300e-01      1.8679e-01
      8.1400e-01      1.8578e-01
      8.1500e-01      1.8477e-01
      8.1600e-01      1.8376e-01
      8.1700e-01      1.8276e-01
      8.1800e-01      1.8175e-01
      8.1900e-01      1.8074e-01
      8.2000e-01      1.7973e-01
      8.2100e-01      1.7872e-01
      8.2200e-01      1.7771e-01
      8.2300e-01      1.7671e-01
      8.2400e-01      1.7570e-01
      8.2500e-01      1.7469e-01
      8.2600e-01      1.7368e-01
      8.2700e-01      1.7267e-01
      8.2800e-01      1.7166e-01
      8.2900e-01      1.7066e-01
      8.3000e-01      1.6965e-01
      8.3100e-01      1.6864e-01
      8.3200e-01      1.6763e-01
      8.3300e-01      1.6662e-01
      8.3400e-01      1.6561e-01
      8.3500e-01      1.6460e-01
      8.3600e-01      1.6360e-01
      8.3700e-01      1.6259e-01
      8.3800e-01      1.6158e-01
      8.3900e-01      1.6057e-01
      8.4000e-01      1.5956e-01
      8.4100e-01      1.5855e-01
      8.4200e-01      1.5754e-01
      8.4300e-01      1.5653e-01
      8.4400e-01      1.5553e-01
      8.4500e-01      1.5452e-01
      8.4600e-01      1.5351e-01
      8.4700e-01      1.5250e-01
      8.4800e-01      1.5149e-01
      8.4900e-01      1.5048e-01
      8.5000e-01      1.4947e-01
      8.5100e-01      1.4846e-01
      8.5200e-01      1.4745e-01
      8.5300e-01      1.4644e-01
      8.5400e-01      1.4544e-01
      8.5500e-01      1.4443e-01
      8.5600e-01      1.4342e-01
      8.5700e-01      1.4241e-01
      8.5800e-01      1.4140e-01
      8.5900e-01      1.4039e-01
      8.6000e-01      1.3938e-01
      8.6100e-01      1.3837e-01
      8.6200e-01      1.3736e-01
      8.6300e-01      1.3635e-01
      8.6400e-01      1.3534e-01
      8.6500e-01      1.3434e-01
      8.6600e-01      1.3333e-01
      8.6700e-01      1.3232e-01
      8.6800e-01      1.3131e-01
      8.6900e-01      1.3030e-01
      8.7000e-01      1.2929e-01
      8.7100e-01      1.2828e-01
      8.7200e-01      1.2727e-01
      8.7300e-01      1.2626e-01
      8.7400e-01      1.2525e-01
      8.7500e-01      1.2424e-01
      8.7600e-01      1.2323e-01
      8.7700e-01      1.2222e-01
      8.7800e-01      1.2121e-01
      8.7900e-01      1.2020e-01
      8.8000e-01      1.1919e-01
      8.8100e-01      1.1818e-01
      8.8200e-01      1.1718e-01
      8.8300e-01      1.1617e-01
      8.8400e-01      1.1516e-01
      8.8500e-01      1.1415e-01
      8.8600e-01      1.1314e-01
      8.8700e-01      1.1213e-01
      8.8800e-01      1.1112e-01
      8.8900e-01      1.1011e-01
      8.9000e-01      1.0910e-01
      8.9100e-01      1.0809e-01
      8.9200e-01      1.0708e-01
      8.9300e-01      1.0607e-01
      8.9400e-01      1.0506e-01
      8.9500e-01      1.0405e-01
      8.9600e-01      1.0304e-01
      8.9700e-01      1.0203e-01
      8.9800e-01      1.0102e-01
      8.9900e-01      1.0001e-01
      9.0000e-01      9.9002e-02
      9.0100e-01      9.7992e-02
      9.0200e-01      9.6982e-02
      9.0300e-01      9.5972e-02
      9.0400e-01      9.4962e-02
      9.0500e-01      9.3953e-02
      9.0600e-01      9.2943e-02
      9.0700e-01      9.1933e-02
      9.0800e-01      9.0923e-02
      9.0900e-01      8.9913e-02
      9.1000e-01      8.8903e-02
      9.1100e-01      8.7893e-02
      9.1200e-01      8.6883e-02
      9.1300e-01      8.5874e-02
      9.1400e-01      8.4864e-02
      9.1500e-01      8.3854e-02
      9.1600e-01      8.2844e-02
      9.1700e-01      8.1834e-02
      9.1800e-01      8.0824e-02
      9.1900e-01      7.9814e-02
      9.2000e-01      7.8804e-02
      9.2100e-01      7.7794e-02
      9.2200e-01      7.6784e-02
      9.2300e-01      7.5774e-02
      9.2400e-01      7.4764e-02
      9.2500e-01      7.3754e-02
      9.2600e-01      7.2744e-02
      9.2700e-01      7.1734e-02
      9.2800e-01      7.0723e-02
      9.2900e-01      6.9713e-02
      9.3000e-01      6.8703e-02
      9.3100e-01      6.7693e-02
      9.3200e-01      6.6683e-02
      9.3300e-01      6.5673e-02
      9.3400e-01      6.4663e-02
      9.3500e-01      6.3653e-02
      9.3600e-01      6.2643e-02
      9.3700e-01      6.1632e-02
      9.3800e-01      6.0622e-02
      9.3900e-01      5.9612e-02
      9.4000e-01      5.8602e-02
      9.4100e-01      5.7592e-02
      9.4200e-01      5.6582e-02
      9.4300e-01      5.5571e-02
      9.4400e-01      5.4561e-02
      9.4500e-01      5.3551e-02
      9.4600e-01      5.2541e-02
      9.4700e-01      5.1531e-02
      9.4800e-01      5.0520e-02
      9.4900e-01      4.9510e-02
      9.5000e-01      4.8500e-02
      9.5100e-01      4.7490e-02
      9.5200e-01      4.6479e-02
      9.5300e-01      4.5469e-02
      9.5400e-01      4.4459e-02
      9.5500e-01      4.3448e-02
      9.5600e-01      4.2438e-02
      9.5700e-01      4.1428e-02
      9.5800e-01      4.0417e-02
      9.5900e-01      3.9407e-02
      9.6000e-01      3.8397e-02
      9.6100e-01      3.7387e-02
      9.6200e-01      3.6376e-02
      9.6300e-01      3.5366e-02
      9.6400e-01      3.4355e-02
      9.6500e-01      3.3345e-02
      9.6600e-01      3.2335e-02
      9.6700e-01      3.1324e-02
      9.6800e-01      3.0314e-02
      9.6900e-01      2.9304e-02
      9.7000e-01      2.8293e-02
      9.7100e-01      2.7283e-02
      9.7200e-01      2.6272e-02
      9.7300e-01      2.5262e-02
      9.7400e-01      2.4252e-02
      9.7500e-01      2.3241e-02
      9.7600e-01      2.2231e-02
      9.7700e-01      2.1220e-02
      9.7800e-01      2.0210e-02
      9.7900e-01      1.9199e-02
      9.8000e-01      1.8189e-02
      9.8100e-01      1.7179e-02
      9.8200e-01      1.6168e-02
      9.8300e-01      1.5158e-02
      9.8400e-01      1.4147e-02
      9.8500e-01      1.3137e-02
      9.8600e-01      1.2126e-02
      9.8700e-01      1.1116e-02
      9.8800e-01      1.0105e-02
      9.8900e-01      9.0947e-03
      9.9000e-01      8.0842e-03
      9.9100e-01      7.0737e-03
      9.9200e-01      6.0632e-03
      9.9300e-01      5.0527e-03
      9.9400e-01      4.0421e-03
      9.9500e-01      3.0316e-03
      9.9600e-01      2.0211e-03
      9.9700e-01      1.0105e-03
      9.9800e-01      2.3159e-09
      9.9900e-01     4.1439e-319
      1.0000e+00      0.0000e+00
